0 0 0 1.088 0 0 0 0 5.492 0 0 2.473 0 6.625 0 0 0 0 2.816 5.887 0 0 2.73 0 6.402 9.627 0 0 0 0 8.926 0 6.581 3.632 0 0 0 0 9.422 0 1.504 0 0 0 0 0 0 7.724 0 0 
0 0 0 0 6.962 0 0 6.898 0 6.552 0 0 7.429 5.578 9.306 0 0 1.38 0 0 0 6.831 8.782 7.085 0 6.959 8.823 0 3.665 0 0 0 0 6.09 0 0 0 0 0 0 0 0 4.921 0 0 5.266 2.36 0 0 6.432 
0 0 0 0 0 0 6.507 3.376 0 0 9.97 0 0 0 1.471 5.499 0 7.75 3.775 3.018 0 0 0 0 8.106 0 0 0 0 0 0 0 6.312 0 3.366 7.229 6.129 3.964 8.365 0 9.507 0 9.543 1.167 0 0 0 6.288 0 4.683 
1.088 0 0 0 0 0 1.428 0 7.286 0 5.417 0 0 0 0 1.089 8.159 1.833 9.34 0 5.987 0 0 0 5.026 0 6.878 6.665 0 2.358 1.953 0 0 0 0 0 0 6.625 2.769 0 0 0 0 2.761 0 0 8.793 1.735 4.959 0 
0 6.962 0 0 0 9.301 0 2.875 0 0 0 0 0 0 0 9.75 0 0 6.086 0 0 0 0 3.388 0 0 0 0 0 4.667 0 0 0 0 0 8.327 0 9.476 0 0 2.131 0 0 6.271 0 0 4.146 0 0 8.72 
0 0 0 0 9.301 0 0 0 0 4.268 0 0 0 1.6 7.539 0 6.211 0 0 0 4.14 1.064 0 0 0 0 0 3.938 4.517 2.079 0 0 6.408 0 0 0 3.284 3.779 0 0 1.775 9.523 0 3.844 0 2.697 5.923 2.58 0 0 
0 0 6.507 1.428 0 0 0 9.456 0 0 0 0 2.999 0 5.724 0 0 0 0 5.933 0 0 1.952 0 0 0 0 0 0 5.026 9.883 3.57 0 0 0 7.792 0 0 0 0 0 0 9.8 0 3.214 0 2.272 0 0 0 
0 6.898 3.376 0 2.875 0 9.456 0 0 0 0 0 0 0 0 5.793 3.212 6.339 7.799 2.159 3.442 7.095 0 0 7.769 0 0 1.084 0 1.435 7.942 0 0 1.025 2.839 0 0 2.498 0 0 0 0 0 5.333 0 6.533 6.849 6.136 0 8.5 
5.492 0 0 7.286 0 0 0 0 0 0 0 0 0 6.539 0 0 0 0 6.929 7.061 0 1.544 1.652 8.791 0 9.897 1.561 1.333 0 0 0 0 0 7.923 7.071 0 3.16 4.39 0 5.528 0 0 0 3.594 0 2.609 3.242 3.183 0 4.395 
0 6.552 0 0 0 4.268 0 0 0 0 0 0 0 8.383 0 0 9.935 8.233 6.603 0 0 0 0 0 0 0 1.163 0 3.676 1.167 7.832 0 0 0 0 0 0 1.841 8.031 0 0 0 3.711 4.416 0 0 0 0 0 0 
0 0 9.97 5.417 0 0 0 0 0 0 0 0 3.385 0 2.869 9.476 2.989 5.172 0 0 0 6.285 0 3.727 5.963 6.522 0 0 5.25 3.54 0 0 0 2.418 0 0 0 6.014 0 0 0 5.12 0 7.815 0 0 0 0 6.919 0 
2.473 0 0 0 0 0 0 0 0 0 0 0 0 6.698 6.012 0 1.586 0 0 0 9.264 0 0 0 3.759 0 0 0 0 0 0 9.758 9.82 5.469 0 0 6.743 1.99 5.073 4.862 0 0 0 0 7.234 0 0 0 8.999 0 
0 7.429 0 0 0 0 2.999 0 0 0 3.385 0 0 0 8.359 0 0 0 0 0 0 4.326 0 0 0 8.784 0 0 8.916 0 3.922 3.072 2.161 0 0 0 9.53 8.276 8.081 0 3.359 0 8.484 0 8.15 0 0 0 0 0 
6.625 5.578 0 0 0 1.6 0 0 6.539 8.383 0 6.698 0 0 0 0 9.667 0 0 0 0 0 0 0 0 9.863 4.344 0 0 1.151 5.605 0 0 0 0 0 0 0 8.731 0 0 0 0 0 0 0 0 0 0 6.03 
0 9.306 1.471 0 0 7.539 5.724 0 0 0 2.869 6.012 8.359 0 0 8.79 0 0 0 0 0 0 0 0 2.992 0 0 0 0 0 0 5.669 5.084 2.056 0 0 2.153 0 0 0 0 0 8.415 0 3.974 0 0 0 1.237 6.02 
0 0 5.499 1.089 9.75 0 0 5.793 0 0 9.476 0 0 0 8.79 0 5.895 4.63 0 0 0 0 0 0 0 0 0 0 0 0 0 0 0 0 8.853 0 0 0 4.604 0 0 0 0 0 0 4.686 0 8.143 7.897 9.394 
0 0 0 8.159 0 6.211 0 3.212 0 9.935 2.989 1.586 0 9.667 0 5.895 0 3.15 5.508 6.585 8.63 4.904 3.519 0 0 0 0 0 3.759 0 0 0 7.417 0 0 3.182 0 0 0 0 8.632 0 7.08 0 0 0 5.341 7.924 9.494 9.362 
0 1.38 7.75 1.833 0 0 0 6.339 0 8.233 5.172 0 0 0 0 4.63 3.15 0 0 0 0 9.176 0 0 0 0 0 0 1.038 0 0 0 6.864 0 0 0 0 8.331 0 1.336 0 9.942 0 0 0 1.427 3.272 4.977 0 0 
2.816 0 3.775 9.34 6.086 0 0 7.799 6.929 6.603 0 0 0 0 0 0 5.508 0 0 0 2.427 0 0 0 5.54 0 8.379 0 0 1.077 0 0 0 0 0 0 5.835 0 2.388 0 0 0 8.2 0 0 0 0 3.54 0 6.044 
5.887 0 3.018 0 0 0 5.933 2.159 7.061 0 0 0 0 0 0 0 6.585 0 0 0 0 0 0 0 4.968 0 9.542 0 0 2.955 0 0 1.277 0 0 5.945 8.419 0 1.274 6.044 0 5.474 0 0 0 2.674 0 0 0 7.445 
0 0 0 5.987 0 4.14 0 3.442 0 0 0 9.264 0 0 0 0 8.63 0 2.427 0 0 1.923 1.601 0 0 6.656 0 0 0 0 3.188 0 9.868 3.431 7.504 7.95 0 8.734 0 0 3.633 9.667 2.164 0 9.106 0 0 0 0 0 
0 6.831 0 0 0 1.064 0 7.095 1.544 0 6.285 0 4.326 0 0 0 4.904 9.176 0 0 1.923 0 0 0 0 4.786 0 0 0 0 1.017 4.318 0 1.37 0 0 0 1.046 1.208 1.83 0 0 0 0 0 5.442 4.059 7.372 8.839 7.812 
2.73 8.782 0 0 0 0 1.952 0 1.652 0 0 0 0 0 0 0 3.519 0 0 0 1.601 0 0 0 0 0 1.42 0 6.123 0 0 4.198 0 9.701 0 0 0 5.363 8.489 9.266 0 0 9.004 8.929 0 0 0 0 0 2.26 
0 7.085 0 0 3.388 0 0 0 8.791 0 3.727 0 0 0 0 0 0 0 0 0 0 0 0 0 0 0 0 0 0 0 0 0 5.757 0 5.415 0 0 8.634 0 9.222 0 0 0 0 0 0 0 7.187 6.915 0 
6.402 0 8.106 5.026 0 0 0 7.769 0 0 5.963 3.759 0 0 2.992 0 0 0 5.54 4.968 0 0 0 0 0 0 0 0 0 0 0 0 0 6.454 0 0 0 0 0 0 0 4.921 0 0 0 5.699 5.455 1.231 0 3.229 
9.627 6.959 0 0 0 0 0 0 9.897 0 6.522 0 8.784 9.863 0 0 0 0 0 0 6.656 4.786 0 0 0 0 2.287 0 0 0 4.826 0 0 0 7.852 0 0 4.326 0 4.01 0 3.275 0 0 0 0 0 0 2.032 0 
0 8.823 0 6.878 0 0 0 0 1.561 1.163 0 0 0 4.344 0 0 0 0 8.379 9.542 0 0 1.42 0 0 2.287 0 9 0 0 0 0 0 9.055 0 0 0 0 0 0 7.712 0 0 0 0 5.043 8.259 0 0 6.336 
0 0 0 6.665 0 3.938 0 1.084 1.333 0 0 0 0 0 0 0 0 0 0 0 0 0 0 0 0 0 9 0 0 0 0 2.176 0 5.098 0 0 0 0 0 0 8.519 0 0 7.332 0 0 0 1.671 0 0 
0 3.665 0 0 0 4.517 0 0 0 3.676 5.25 0 8.916 0 0 0 3.759 1.038 0 0 0 0 6.123 0 0 0 0 0 0 8.109 0 2.269 1.505 0 8.439 0 0 5.313 4.545 0 0 0 0 0 0 0 0 0 0 0 
0 0 0 2.358 4.667 2.079 5.026 1.435 0 1.167 3.54 0 0 1.151 0 0 0 0 1.077 2.955 0 0 0 0 0 0 0 0 8.109 0 9.117 2.853 0 0 0 0 0 0 5.765 0 0 7.176 0 0 0 9.159 0 0 8.447 0 
8.926 0 0 1.953 0 0 9.883 7.942 0 7.832 0 0 3.922 5.605 0 0 0 0 0 0 3.188 1.017 0 0 0 4.826 0 0 0 9.117 0 1.585 0 2.303 8.532 0 0 0 1.005 0 6.667 0 0 3.197 6.635 0 8.855 9.173 0 0 
0 0 0 0 0 0 3.57 0 0 0 0 9.758 3.072 0 5.669 0 0 0 0 0 0 4.318 4.198 0 0 0 0 2.176 2.269 2.853 1.585 0 0 0 0 0 2.144 0 0 6.696 0 7.238 0 0 0 0 0 0 4.578 0 
6.581 0 6.312 0 0 6.408 0 0 0 0 0 9.82 2.161 0 5.084 0 7.417 6.864 0 1.277 9.868 0 0 5.757 0 0 0 0 1.505 0 0 0 0 0 0 0 0 2.449 0 0 5.548 0 3.847 8.899 1.623 0 0 0 8.624 0 
3.632 6.09 0 0 0 0 0 1.025 7.923 0 2.418 5.469 0 0 2.056 0 0 0 0 0 3.431 1.37 9.701 0 6.454 0 9.055 5.098 0 0 2.303 0 0 0 0 4.998 7.78 2.724 6.868 0 9.182 0 9.454 0 1.005 2.382 0 0 9.614 0 
0 0 3.366 0 0 0 0 2.839 7.071 0 0 0 0 0 0 8.853 0 0 0 0 7.504 0 0 5.415 0 7.852 0 0 8.439 0 8.532 0 0 0 0 0 0 2.118 3.335 0 7.73 2.441 0 0 0 6.904 0 0 5.419 8.19 
0 0 7.229 0 8.327 0 7.792 0 0 0 0 0 0 0 0 0 3.182 0 0 5.945 7.95 0 0 0 0 0 0 0 0 0 0 0 0 4.998 0 0 0 6.949 0 0 0 0 0 3.031 0 0 0 0 0 0 
0 0 6.129 0 0 3.284 0 0 3.16 0 0 6.743 9.53 0 2.153 0 0 0 5.835 8.419 0 0 0 0 0 0 0 0 0 0 0 2.144 0 7.78 0 0 0 0 0 0 0 0 6.335 0 7.047 0 0 1.333 1.249 0 
0 0 3.964 6.625 9.476 3.779 0 2.498 4.39 1.841 6.014 1.99 8.276 0 0 0 0 8.331 0 0 8.734 1.046 5.363 8.634 0 4.326 0 0 5.313 0 0 0 2.449 2.724 2.118 6.949 0 0 0 0 0 0 0 0 0 1.001 0 0 4.784 0 
9.422 0 8.365 2.769 0 0 0 0 0 8.031 0 5.073 8.081 8.731 0 4.604 0 0 2.388 1.274 0 1.208 8.489 0 0 0 0 0 4.545 5.765 1.005 0 0 6.868 3.335 0 0 0 0 0 3.653 0 3.986 2.212 0 0 6.13 0 0 3.791 
0 0 0 0 0 0 0 0 5.528 0 0 4.862 0 0 0 0 0 1.336 0 6.044 0 1.83 9.266 9.222 0 4.01 0 0 0 0 0 6.696 0 0 0 0 0 0 0 0 0 9.054 0 0 0 6.874 0 9.755 8.786 3.204 
1.504 0 9.507 0 2.131 1.775 0 0 0 0 0 0 3.359 0 0 0 8.632 0 0 0 3.633 0 0 0 0 0 7.712 8.519 0 0 6.667 0 5.548 9.182 7.73 0 0 0 3.653 0 0 1.915 0 2.808 0 0 0 0 0 0 
0 0 0 0 0 9.523 0 0 0 0 5.12 0 0 0 0 0 0 9.942 0 5.474 9.667 0 0 0 4.921 3.275 0 0 0 7.176 0 7.238 0 0 2.441 0 0 0 0 9.054 1.915 0 0 0 2.904 0 0 6.23 0 0 
0 4.921 9.543 0 0 0 9.8 0 0 3.711 0 0 8.484 0 8.415 0 7.08 0 8.2 0 2.164 0 9.004 0 0 0 0 0 0 0 0 0 3.847 9.454 0 0 6.335 0 3.986 0 0 0 0 0 4.444 0 5.937 6.665 4.081 0 
0 0 1.167 2.761 6.271 3.844 0 5.333 3.594 4.416 7.815 0 0 0 0 0 0 0 0 0 0 0 8.929 0 0 0 0 7.332 0 0 3.197 0 8.899 0 0 3.031 0 0 2.212 0 2.808 0 0 0 9.63 5.667 0 0 3.707 0 
0 0 0 0 0 0 3.214 0 0 0 0 7.234 8.15 0 3.974 0 0 0 0 0 9.106 0 0 0 0 0 0 0 0 0 6.635 0 1.623 1.005 0 0 7.047 0 0 0 0 2.904 4.444 9.63 0 0 0 4.829 0 6.831 
0 5.266 0 0 0 2.697 0 6.533 2.609 0 0 0 0 0 0 4.686 0 1.427 0 2.674 0 5.442 0 0 5.699 0 5.043 0 0 9.159 0 0 0 2.382 6.904 0 0 1.001 0 6.874 0 0 0 5.667 0 0 1.562 7.227 0 9.801 
0 2.36 0 8.793 4.146 5.923 2.272 6.849 3.242 0 0 0 0 0 0 0 5.341 3.272 0 0 0 4.059 0 0 5.455 0 8.259 0 0 0 8.855 0 0 0 0 0 0 0 6.13 0 0 0 5.937 0 0 1.562 0 3.748 6.583 0 
7.724 0 6.288 1.735 0 2.58 0 6.136 3.183 0 0 0 0 0 0 8.143 7.924 4.977 3.54 0 0 7.372 0 7.187 1.231 0 0 1.671 0 0 9.173 0 0 0 0 0 1.333 0 0 9.755 0 6.23 6.665 0 4.829 7.227 3.748 0 0 4.805 
0 0 0 4.959 0 0 0 0 0 0 6.919 8.999 0 0 1.237 7.897 9.494 0 0 0 0 8.839 0 6.915 0 2.032 0 0 0 8.447 0 4.578 8.624 9.614 5.419 0 1.249 4.784 0 8.786 0 0 4.081 3.707 0 0 6.583 0 0 0 
0 6.432 4.683 0 8.72 0 0 8.5 4.395 0 0 0 0 6.03 6.02 9.394 9.362 0 6.044 7.445 0 7.812 2.26 0 3.229 0 6.336 0 0 0 0 0 0 0 8.19 0 0 0 3.791 3.204 0 0 0 0 6.831 9.801 0 4.805 0 0 
 0 3.278 1.568 0 0 4.566 4.968 0 0 1.763 0 4.087 0 3.3 0 0 0 1.132 0 8.681 0 6.559 0 3.075 4.646 4.113 0 3.011 6.801 0 0 0 0 6.866 0 0 6.43 0 9.337 9.136 0 8.597 0 
